CL415 hull equivalent body
1.09010 -0.07831
1.07527 -0.07345
1.03603 -0.06522
0.96628 -0.05702
0.87908 -0.04968
0.79188 -0.04300
0.70468 -0.03855
0.61748 -0.03298
0.53028 -0.02773
0.44309 -0.02240
0.35589 -0.01318
0.26869 -0.00837
0.13310 -0.01222
0.09429 -0.01222
0.00710 -0.01219
-0.08010 -0.01606
-0.16730 -0.01596
-0.25450 -0.01584
-0.34170 -0.01876
-0.41146 -0.02731
-0.47249 -0.07267
-0.51609 -0.09173
-0.55097 -0.11161
-0.57713 -0.12950
-0.59108 -0.14604
-0.59502 -0.16174
-0.59108 -0.18145
-0.57713 -0.20473
-0.55097 -0.22897
-0.51609 -0.25303
-0.47249 -0.27162
-0.41146 -0.27769
-0.34170 -0.28659
-0.25450 -0.29242
-0.16730 -0.29281
-0.08010 -0.29319
0.00710 -0.29241
0.09429 -0.29284
0.13310 -0.29302
0.26869 -0.27167
0.35589 -0.25697
0.44309 -0.24311
0.53028 -0.22822
0.61748 -0.21299
0.70468 -0.19742
0.79188 -0.18057
0.87908 -0.16408
0.96628 -0.14644
1.03603 -0.13382
1.07527 -0.12736
1.09010 -0.12072
